# Cluster_id
0
1
2
3
4
5
1
2
6
5
4
3
5
0
1
3
7
5
8
1
0
3
1
4
0
5
9
2
4
0
1
5
8
2
4
1
8
0
1
5
10
3
4
0
11
8
0
3
1
4
8
5
0
2
5
8
5
2
1
4
3
2
0
5
2
5
12
4
0
8
5
2
1
2
2
4
2
1
2
2
5
1
5
2
2
3
2
0
3
13
2
5
4
0
14
2
2
4
1
2
0
5
2
2
4
2
1
5
6
5
2
5
2
8
1
4
2
3
5
8
5
4
8
1
5
8
2
3
4
1
0
8
2
9
4
0
1
2
3
4
1
5
15
2
4
1
2
10
3
4
8
8
4
11
1
5
0
8
2
4
1
0
3
2
4
0
1
8
2
1
4
0
5
3
2
16
2
4
2
1
0
2
2
3
4
0
2
1
5
2
2
3
4
1
2
0
2
2
4
1
5
3
13
2
2
2
1
0
2
2
5
4
2
0
3
2
5
2
4
2
1
0
5
2
3
4
0
5
1
3
2
2
5
4
2
1
0
5
4
2
1
0
2
5
9
2
5
2
0
1
5
1
2
2
5
2
4
1
2
5
0
10
5
17
2
17
5
5
11
4
1
5
0
2
2
1
8
2
5
0
2
4
0
1
4
1
2
8
5
2
5
16
4
2
8
1
5
5
2
4
8
0
1
5
17
5
1
0
2
5
2
4
5
0
1
8
5
4
1
0
14
18
19
4
